c A SAT instance generated from a 3-CNF formula that had 200 clauses and 30 variables
p cnf 30 200
-4 27 23 0
-17 9 -13 0
11 -13 2 0
-28 -8 26 0
-21 -15 3 0
-16 12 1 0
17 -26 -18 0
21 -19 -8 0
-29 26 25 0
-11 7 -13 0
-26 -8 18 0
-4 5 18 0
-6 -9 14 0
-7 2 -3 0
-9 22 -18 0
22 19 17 0
-5 -21 19 0
7 5 -9 0
23 22 16 0
-27 -24 20 0
-1 -22 10 0
4 -5 30 0
17 18 6 0
-13 11 -2 0
13 27 -2 0
13 16 2 0
27 -23 24 0
29 1 5 0
7 15 2 0
-30 -2 23 0
29 -17 -22 0
10 29 -28 0
27 -2 4 0
29 -20 -28 0
3 10 20 0
-29 -17 27 0
20 11 28 0
-6 25 11 0
13 12 16 0
-1 -10 21 0
8 19 -18 0
-18 25 -6 0
-3 6 24 0
16 8 18 0
13 -19 -14 0
-27 29 -10 0
-26 19 -27 0
-25 13 -11 0
24 -26 28 0
22 -13 21 0
-6 -8 9 0
-17 -3 26 0
-5 15 -4 0
-5 27 12 0
15 18 -16 0
5 19 9 0
8 1 -10 0
1 9 17 0
8 24 -28 0
14 27 1 0
-26 4 -29 0
-26 19 29 0
-14 18 16 0
16 25 20 0
-8 -28 -25 0
-30 -11 24 0
-21 -14 30 0
-5 9 18 0
-8 -18 20 0
4 -1 -6 0
-28 -12 30 0
-25 2 27 0
8 -7 27 0
21 18 2 0
-11 -6 -18 0
-17 -4 -14 0
-16 23 19 0
9 -16 28 0
29 16 13 0
5 25 -27 0
-9 13 -20 0
16 -29 -12 0
-11 -1 -18 0
16 20 3 0
29 -15 6 0
16 -28 -24 0
13 8 5 0
28 6 21 0
-15 14 -13 0
18 11 22 0
25 -21 -13 0
11 -26 15 0
26 -11 29 0
13 11 -25 0
23 -13 7 0
5 10 -16 0
-21 22 7 0
19 -28 3 0
-25 -14 26 0
-24 -12 -4 0
-4 14 -27 0
-19 -20 17 0
-22 17 -10 0
29 8 22 0
11 -18 -19 0
-9 26 -8 0
27 -11 8 0
-29 13 -16 0
-24 -16 4 0
9 -28 14 0
-1 -5 6 0
-20 27 -15 0
22 5 -28 0
-26 24 -13 0
-16 29 28 0
-11 -16 27 0
3 -20 15 0
-28 -19 11 0
-1 20 4 0
4 -10 26 0
3 22 -21 0
21 -14 -4 0
-27 -19 -2 0
-19 -12 13 0
22 17 6 0
-4 -11 -18 0
25 -29 8 0
-28 -21 -10 0
-15 -26 23 0
5 3 20 0
-20 2 -15 0
15 21 -27 0
1 8 -28 0
-22 12 9 0
25 16 17 0
20 19 -28 0
9 -3 -17 0
-10 -6 -1 0
-30 7 -5 0
4 18 -29 0
-2 25 1 0
-27 -16 2 0
24 -23 -7 0
4 -21 6 0
25 26 -29 0
11 2 -18 0
8 12 -18 0
-8 -9 13 0
28 27 -2 0
20 27 -16 0
-1 14 -5 0
-26 27 -21 0
3 -1 30 0
-7 1 13 0
-21 -29 -17 0
6 -11 -27 0
-3 -30 26 0
-21 -20 2 0
-5 9 15 0
-7 2 -1 0
-20 12 19 0
-22 25 -7 0
9 5 4 0
-30 -11 16 0
28 2 13 0
17 25 3 0
8 -10 -23 0
-14 24 2 0
24 -20 -1 0
-2 26 23 0
-13 20 -5 0
-20 17 -27 0
-4 26 22 0
17 -20 21 0
15 12 6 0
21 3 18 0
-10 30 18 0
23 -21 29 0
20 -13 9 0
26 4 6 0
-3 16 15 0
2 -24 -7 0
26 10 -19 0
-9 22 -20 0
23 -11 18 0
-3 7 -20 0
17 -25 -14 0
-5 9 -21 0
10 12 -18 0
10 -29 -20 0
16 -26 -19 0
14 -30 -2 0
-23 -8 26 0
5 17 -27 0
3 4 -7 0
-3 6 -29 0
-3 -28 -21 0
6 -27 -9 0
7 -4 -28 0
-8 14 23 0
