c A SAT instance generated from a 3-CNF formula that had 100 clauses and 20 variables
p cnf 20 100
2 5 -18 0
-5 -9 -13 0
12 7 -1 0
-5 -10 12 0
-19 -1 18 0
-4 14 17 0
1 -20 4 0
10 -17 20 0
11 16 3 0
-1 -4 18 0
-10 9 -2 0
-12 1 18 0
-1 -19 12 0
-14 17 -15 0
3 -5 -9 0
20 -15 8 0
5 -20 16 0
6 2 15 0
-16 18 15 0
-11 -5 -18 0
13 -11 -17 0
19 4 1 0
19 -5 -17 0
18 -2 4 0
2 -17 -6 0
-3 1 10 0
12 6 15 0
-12 -18 16 0
15 2 14 0
-18 -9 -12 0
-18 15 -6 0
-1 17 15 0
3 -16 5 0
9 -1 -8 0
-12 -6 5 0
-11 10 -3 0
-15 18 9 0
9 -18 -16 0
18 12 -5 0
7 -20 -5 0
19 16 13 0
-5 11 -18 0
19 -16 12 0
15 19 -4 0
19 16 1 0
16 1 8 0
-17 -14 16 0
7 12 -15 0
12 2 19 0
-20 -6 18 0
7 -18 14 0
13 -5 20 0
-17 -9 16 0
-16 5 -20 0
-18 14 12 0
20 11 -19 0
-1 18 -16 0
6 -13 14 0
16 -12 18 0
-2 10 15 0
17 7 -8 0
-5 -16 18 0
13 -6 -18 0
5 4 17 0
-20 2 5 0
3 -11 -5 0
-19 -12 -9 0
-20 5 8 0
-20 16 -5 0
12 14 6 0
-2 -20 14 0
-16 -15 -18 0
-13 15 12 0
-1 13 -6 0
20 -14 2 0
6 15 16 0
10 8 -4 0
15 -3 -1 0
-8 -9 -18 0
-9 -14 -2 0
6 -20 5 0
-14 -19 15 0
-12 5 20 0
17 -15 11 0
13 -9 -18 0
13 -8 15 0
11 -15 10 0
20 -2 -1 0
14 6 -1 0
-18 -2 -14 0
3 -14 15 0
12 -4 -8 0
-3 -8 -2 0
18 -7 20 0
-7 -5 -12 0
1 -7 10 0
4 15 -2 0
-8 3 14 0
-7 -4 -11 0
14 -3 18 0
