c A SAT instance generated from a 3-CNF formula that had 100 clauses and 30 variables
p cnf 30 100
24 -13 -15 0
-18 -24 -19 0
24 15 -19 0
4 13 2 0
1 8 4 0
8 16 -3 0
-4 -25 -1 0
-19 -7 -15 0
-7 28 19 0
-1 -14 26 0
-28 21 -10 0
11 -6 -27 0
2 -4 -10 0
11 -13 8 0
-21 -24 -15 0
15 -2 4 0
9 29 -21 0
-25 24 -4 0
16 -22 -24 0
7 8 28 0
-20 11 -10 0
6 -17 4 0
-2 -22 -7 0
21 8 -18 0
-17 15 -2 0
8 19 -15 0
1 -19 -10 0
-13 -10 5 0
-26 -3 -7 0
-13 1 27 0
23 22 11 0
12 -26 25 0
24 -7 -15 0
-25 15 -11 0
22 3 29 0
-9 15 18 0
16 -19 -1 0
-27 -16 -5 0
-2 -14 15 0
29 27 -9 0
-15 23 27 0
3 30 -21 0
-3 -6 -1 0
-4 24 -22 0
1 -15 -7 0
-10 -2 -18 0
-15 26 -24 0
29 -18 26 0
-11 -24 9 0
26 21 23 0
29 20 -24 0
8 -19 17 0
-1 27 19 0
-19 4 -21 0
4 -22 5 0
-12 20 7 0
12 30 -28 0
5 -18 -7 0
-14 -30 -10 0
-14 -25 28 0
1 -15 -11 0
2 26 27 0
-29 28 4 0
15 26 8 0
-22 9 25 0
-24 11 19 0
15 -10 25 0
24 26 23 0
-4 24 -25 0
14 -28 4 0
-22 25 -24 0
21 -12 -7 0
-12 -3 -5 0
-9 -30 -27 0
1 28 -22 0
14 -6 19 0
-14 -5 10 0
-15 -4 -7 0
2 -22 19 0
-16 27 1 0
-17 16 -11 0
10 -30 -5 0
25 -10 -23 0
29 -22 -12 0
-6 7 -23 0
14 -28 21 0
-24 27 4 0
-20 1 19 0
-16 -2 -29 0
-6 13 -17 0
-19 7 -13 0
12 15 28 0
-23 -7 1 0
-7 -27 26 0
-21 8 -24 0
15 19 -30 0
-3 15 -9 0
-9 27 -18 0
26 23 19 0
1 8 22 0
