c A SAT instance generated from a 3-CNF formula that had 300 clauses and 50 variables
p cnf 50 300
47 -11 29 0
-25 15 -46 0
16 1 -27 0
-47 -48 2 0
33 42 -37 0
26 50 25 0
-47 -17 -22 0
-43 -50 -25 0
45 -21 33 0
34 48 17 0
-40 18 30 0
-13 50 -37 0
-29 16 -39 0
12 -18 -22 0
30 -45 39 0
20 -18 2 0
-7 30 45 0
37 26 -20 0
-26 -4 10 0
-22 -31 1 0
32 -27 25 0
-27 -3 -33 0
35 -20 14 0
17 4 47 0
38 22 40 0
-44 4 -20 0
10 38 -7 0
-47 29 -16 0
41 50 34 0
-23 -47 -31 0
-36 -43 14 0
40 36 47 0
39 -50 -26 0
-18 29 26 0
-31 -48 -45 0
22 -33 31 0
23 21 32 0
-1 -11 49 0
-35 -49 -6 0
-9 48 -12 0
-46 39 -19 0
27 49 -21 0
-18 -20 6 0
9 -22 -49 0
-41 45 29 0
32 36 -23 0
-12 47 -44 0
17 36 -42 0
28 -9 -1 0
-20 -48 18 0
32 -3 -26 0
28 -22 -29 0
9 23 -35 0
-15 -24 -46 0
10 4 28 0
27 -37 12 0
-27 12 9 0
-37 48 10 0
38 -5 -25 0
-12 45 34 0
-6 -2 8 0
-43 15 -39 0
-28 -30 -17 0
-26 -9 20 0
5 28 -40 0
2 -8 29 0
-21 -16 10 0
-9 40 41 0
30 33 26 0
-2 -14 35 0
-33 35 23 0
-2 -19 -45 0
-9 40 23 0
33 -31 44 0
18 -12 15 0
38 19 24 0
-38 4 45 0
-7 49 -10 0
-28 33 -46 0
-32 -40 17 0
-23 -40 44 0
42 39 -9 0
-32 48 34 0
48 3 -13 0
-37 13 -19 0
44 18 -13 0
8 33 49 0
-7 36 -11 0
41 -20 -21 0
5 31 43 0
-3 14 26 0
13 16 44 0
48 8 -47 0
45 7 -30 0
10 6 -38 0
33 27 26 0
28 29 15 0
-12 -18 -11 0
-26 -25 -10 0
24 -1 -41 0
-38 -22 -29 0
2 7 -26 0
41 29 5 0
-16 32 -12 0
13 38 -21 0
50 -30 -2 0
5 -9 -14 0
18 -12 -16 0
-7 5 -16 0
40 33 14 0
49 -8 39 0
-40 -10 -22 0
19 29 -50 0
-23 -5 49 0
-49 43 47 0
20 48 -34 0
7 -34 -1 0
-2 -39 -1 0
-3 17 46 0
-7 45 40 0
-35 -36 -46 0
-29 2 18 0
-13 -44 5 0
18 30 -17 0
40 -17 -11 0
-37 -22 7 0
-4 -44 -15 0
-45 14 38 0
-44 -50 -22 0
31 -36 39 0
44 41 43 0
16 12 -3 0
-33 -25 46 0
29 13 -38 0
-35 45 -10 0
-37 10 -46 0
-7 -16 49 0
23 -4 -13 0
-13 15 -41 0
16 49 40 0
27 -41 -35 0
-18 37 26 0
-33 25 28 0
36 -39 40 0
7 -12 14 0
26 -18 36 0
-8 -27 -32 0
-39 -3 -32 0
-37 -26 -8 0
-13 -49 4 0
36 -32 30 0
46 36 -19 0
-29 39 28 0
-25 9 -29 0
9 -13 11 0
-18 20 -32 0
-21 -44 33 0
-23 47 17 0
-33 21 -20 0
42 15 -41 0
7 -38 8 0
-50 -7 6 0
-29 -6 -49 0
-8 23 38 0
40 34 47 0
25 48 -18 0
-23 -42 18 0
-43 18 20 0
36 -5 -41 0
-33 15 -21 0
-34 32 -36 0
-41 -35 -42 0
35 -12 21 0
28 44 30 0
-36 -6 11 0
-33 37 7 0
9 -44 -35 0
4 -30 19 0
5 38 16 0
47 3 -30 0
38 33 -36 0
-30 37 -47 0
-33 -9 44 0
22 5 -50 0
48 -1 37 0
-17 15 13 0
17 18 3 0
34 20 -40 0
-40 -17 7 0
31 -30 3 0
-25 31 20 0
-18 -39 34 0
12 -37 -17 0
-24 41 -42 0
16 -8 7 0
-46 49 25 0
50 17 -11 0
50 44 -14 0
31 12 -34 0
47 -2 -24 0
-18 39 41 0
11 -7 42 0
-49 11 -30 0
29 23 34 0
-5 -30 34 0
-37 17 -50 0
-16 -35 -13 0
-38 -17 46 0
-15 2 -24 0
15 46 -24 0
10 -15 13 0
47 34 39 0
18 -11 15 0
-10 43 3 0
28 5 -47 0
29 -33 -38 0
32 42 8 0
-9 -49 -19 0
12 29 33 0
18 36 -13 0
-42 -20 -26 0
29 -44 1 0
-9 31 -47 0
-50 -2 -35 0
37 -22 -9 0
21 28 -2 0
-2 22 34 0
-44 33 -1 0
-48 39 -43 0
-37 13 40 0
-14 -31 -48 0
10 17 50 0
-46 21 -42 0
-42 -33 5 0
-49 -32 -46 0
7 -15 19 0
-34 29 -40 0
-22 18 -24 0
41 28 44 0
20 35 4 0
17 -4 41 0
24 46 -5 0
-37 25 28 0
45 44 20 0
16 47 14 0
-1 -28 -11 0
17 10 -12 0
-50 -13 -42 0
-3 -12 32 0
27 -23 26 0
17 22 45 0
-40 -45 38 0
39 -42 -18 0
-17 -3 -49 0
-31 37 33 0
43 -35 -12 0
-14 -42 -36 0
36 18 44 0
33 -9 -44 0
-2 47 -16 0
43 -45 30 0
6 -39 16 0
-41 35 48 0
45 40 41 0
16 -24 -17 0
11 -15 26 0
31 -32 27 0
21 -7 -3 0
-31 11 -48 0
10 11 -8 0
-16 -20 31 0
-14 47 -3 0
50 -7 -37 0
23 26 16 0
-17 -50 -5 0
-12 30 -1 0
29 -8 -14 0
-11 -16 -41 0
48 40 -6 0
40 -41 -8 0
13 -20 12 0
-44 33 11 0
37 -46 -18 0
-16 31 -11 0
-26 -3 -36 0
-21 -31 -27 0
16 39 43 0
-29 -32 35 0
47 -27 10 0
35 -33 -49 0
-14 5 7 0
-18 46 -20 0
-22 25 16 0
-4 34 -31 0
-4 -1 26 0
1 -14 -3 0
40 8 41 0
1 46 47 0
26 25 50 0
-9 -12 -32 0
