c A SAT instance generated from a 3-CNF formula that had 200 clauses and 40 variables
p cnf 40 200
-36 26 -32 0
-40 14 -23 0
18 -29 7 0
-33 -23 -38 0
1 30 19 0
-2 39 3 0
35 16 24 0
-27 -11 -8 0
13 8 -18 0
27 11 14 0
-7 1 -11 0
30 -6 10 0
30 -24 -27 0
-19 -13 6 0
5 -6 8 0
37 -28 29 0
29 -39 1 0
-3 -18 24 0
4 -12 29 0
-34 -30 3 0
23 -8 20 0
-38 -37 -21 0
17 39 31 0
-13 -12 -14 0
-31 -12 -7 0
-18 -25 14 0
-27 -7 4 0
-14 6 -17 0
29 7 -17 0
-32 17 10 0
4 -28 16 0
28 14 -11 0
-38 7 39 0
24 -18 3 0
-26 35 28 0
-22 -13 29 0
-35 -39 31 0
-17 -1 -31 0
17 19 29 0
11 -36 -22 0
-15 -34 1 0
40 3 -7 0
-37 -33 -35 0
-10 34 5 0
-8 -11 -24 0
2 5 -31 0
-20 18 -10 0
-26 22 39 0
-24 -16 -31 0
-28 -11 14 0
-22 -14 -38 0
2 -22 9 0
37 -36 35 0
-34 37 33 0
6 29 20 0
5 9 -19 0
-17 24 -32 0
-10 -39 -36 0
-5 -24 -30 0
-23 22 38 0
7 -35 32 0
22 -12 11 0
-23 -21 19 0
4 -10 24 0
-26 -9 40 0
11 15 -21 0
-5 -19 10 0
-28 -30 -23 0
22 -25 -4 0
13 -18 16 0
29 -20 15 0
-30 23 1 0
21 10 -11 0
26 22 34 0
-19 4 17 0
-17 -32 -27 0
-35 3 -21 0
-29 25 6 0
-3 -36 -24 0
-12 16 -19 0
5 -23 -9 0
-29 28 -9 0
-8 19 26 0
36 -28 -33 0
11 -15 4 0
31 17 -27 0
34 -24 -8 0
-13 6 -32 0
-25 -37 11 0
26 -19 16 0
-2 12 4 0
-36 31 20 0
-18 -17 9 0
20 -13 22 0
1 2 6 0
-24 36 -18 0
12 -32 20 0
-6 -20 -35 0
39 -1 -3 0
7 -17 -8 0
-27 30 22 0
-17 26 25 0
36 -21 -18 0
-36 -28 16 0
-2 -25 -19 0
-18 26 -39 0
-24 -34 11 0
-5 32 -40 0
29 23 5 0
-4 -3 -10 0
29 -32 -23 0
-24 -6 -12 0
-4 21 32 0
16 20 -23 0
-12 -3 28 0
16 22 -18 0
-32 19 -1 0
23 -37 12 0
-12 -28 15 0
-13 17 -37 0
-23 -26 -11 0
-37 16 25 0
11 -38 -31 0
15 -5 10 0
10 -33 40 0
-40 -37 20 0
-13 40 -4 0
-34 14 3 0
-22 20 -8 0
-8 -36 40 0
38 -20 -18 0
31 -40 15 0
12 34 -10 0
15 -26 10 0
9 13 -21 0
24 -3 31 0
-11 20 -37 0
-25 -35 -3 0
14 10 19 0
35 -25 10 0
8 -39 -5 0
37 -8 5 0
17 -39 -13 0
-19 -36 7 0
-20 -9 -36 0
-27 -31 -40 0
30 17 5 0
-36 1 25 0
-7 -28 29 0
-25 -28 8 0
-33 -29 -30 0
-38 -12 37 0
26 1 13 0
20 27 2 0
-9 25 -40 0
-12 10 -34 0
3 -40 -20 0
-39 33 -17 0
34 15 37 0
-22 19 21 0
-5 14 -26 0
-22 -39 -19 0
22 14 -31 0
-37 26 -36 0
-32 -25 -16 0
-26 31 -9 0
19 -7 -2 0
-14 -13 -8 0
1 -8 -26 0
12 -32 -11 0
6 -17 23 0
25 -16 -19 0
8 -19 -9 0
-2 -4 -19 0
-27 12 25 0
32 -11 -8 0
-6 -9 -31 0
27 11 7 0
31 -9 15 0
-39 34 -6 0
-18 9 32 0
11 -1 -27 0
36 37 -30 0
-2 14 -32 0
40 -11 -9 0
15 11 -36 0
8 11 -24 0
-38 -11 15 0
-39 11 22 0
28 23 -32 0
-27 -18 40 0
3 -38 -2 0
9 36 14 0
-40 18 -27 0
-11 -36 -2 0
11 -2 14 0
-13 -29 -27 0
10 14 3 0
-1 20 -37 0
9 -24 15 0
