c A SAT instance generated from a 3-CNF formula that had 1000 clauses and 100 variables
p cnf 100 1000
88 -80 -37 0
75 -30 9 0
-2 -74 16 0
89 -36 1 0
66 21 -35 0
6 93 -78 0
95 -3 -5 0
66 71 1 0
98 15 -47 0
75 30 2 0
7 42 -73 0
69 -83 -21 0
19 -17 -76 0
-73 -93 33 0
-57 -17 -39 0
36 10 16 0
29 -89 -79 0
-72 -60 -62 0
54 -29 75 0
42 -18 58 0
92 70 -90 0
13 99 70 0
-10 1 61 0
75 5 -59 0
-63 -91 88 0
24 -95 -14 0
-79 -59 94 0
-100 15 41 0
-50 -51 24 0
-32 -70 -52 0
-42 -49 57 0
-90 -94 2 0
78 31 -9 0
-72 -97 34 0
-73 -71 61 0
23 -92 -91 0
-41 -5 -9 0
24 64 -27 0
-61 74 -9 0
-3 -89 -74 0
-61 19 63 0
-78 -15 -99 0
-84 51 -8 0
38 -39 46 0
-96 52 92 0
-4 -1 94 0
44 -36 49 0
85 31 -63 0
36 17 30 0
-13 -53 -86 0
69 -39 -63 0
25 -15 8 0
77 68 -8 0
-6 21 60 0
-28 -16 -17 0
-90 14 77 0
20 -22 43 0
63 -55 -50 0
-66 8 -34 0
-42 66 -38 0
-51 -32 -37 0
-84 -97 -31 0
-36 -58 74 0
-70 76 -95 0
61 -6 35 0
-24 40 -41 0
57 -76 -65 0
-8 -6 -68 0
20 77 -37 0
-34 -26 -16 0
25 54 -30 0
23 41 -90 0
86 -98 -55 0
-4 -29 -91 0
-69 87 -62 0
97 -44 -71 0
-99 -90 -31 0
40 -96 43 0
71 55 8 0
-44 -54 -61 0
-51 -53 -34 0
55 65 -64 0
-33 -39 5 0
28 82 -13 0
18 -83 65 0
34 -59 -79 0
10 25 55 0
-79 -23 97 0
-21 90 -99 0
-14 6 -39 0
3 37 -38 0
-74 -30 52 0
50 54 -28 0
82 28 -69 0
-79 81 56 0
89 8 -14 0
100 45 42 0
-77 -34 92 0
-42 -90 100 0
53 -79 4 0
-11 -16 49 0
-73 -24 -34 0
-23 -34 65 0
92 -10 -19 0
-73 -75 84 0
95 -46 56 0
35 56 47 0
-97 -72 42 0
-35 -46 -20 0
79 -67 -46 0
82 -48 -99 0
-44 94 64 0
46 -96 23 0
17 -16 -38 0
37 65 -26 0
-22 -30 52 0
32 74 -13 0
-81 -99 -31 0
36 62 -66 0
77 -8 94 0
93 36 -60 0
39 2 -4 0
64 75 85 0
32 10 76 0
-18 -67 -39 0
88 -1 -33 0
10 14 45 0
63 -53 -50 0
-3 -52 56 0
91 -74 29 0
-48 -100 66 0
74 14 94 0
-1 -21 54 0
-47 66 21 0
66 -67 100 0
44 -6 -81 0
72 -45 -44 0
89 -9 -28 0
-34 -51 38 0
-31 1 -57 0
-68 22 64 0
-47 -100 93 0
12 -67 72 0
-31 68 35 0
50 89 71 0
-10 81 55 0
-93 -18 -44 0
-12 -97 47 0
72 -29 -12 0
30 27 15 0
62 72 -17 0
21 -37 56 0
-80 -56 -92 0
95 -31 -85 0
-51 62 27 0
43 60 -72 0
84 55 -38 0
-53 -43 46 0
46 -8 -88 0
-85 76 53 0
-25 49 51 0
-91 -74 -87 0
44 72 -57 0
-81 50 -56 0
-65 -49 78 0
-2 -41 73 0
7 -88 -29 0
61 54 33 0
-61 -71 -76 0
81 24 16 0
62 -9 -69 0
98 15 -5 0
30 -47 99 0
28 56 71 0
-82 -14 -30 0
66 19 -63 0
50 44 73 0
-59 -80 -24 0
-97 -93 -75 0
27 37 7 0
37 39 -15 0
-51 55 -26 0
48 70 45 0
74 -24 -72 0
19 -24 -7 0
-41 10 48 0
-90 45 -20 0
92 -58 -96 0
-29 -36 -19 0
15 56 53 0
50 4 8 0
91 -83 -93 0
50 -26 -10 0
48 17 -51 0
-81 -19 30 0
-26 -8 91 0
20 74 -53 0
55 -76 -72 0
81 -62 90 0
-62 59 61 0
-36 -97 -62 0
-69 -14 -41 0
99 -90 17 0
88 -3 -2 0
84 98 8 0
-67 -29 66 0
-58 49 71 0
89 17 46 0
24 -80 -35 0
-32 76 7 0
53 27 45 0
-6 79 -76 0
87 94 27 0
-81 -80 -24 0
-44 -18 80 0
80 -72 15 0
37 -55 33 0
-47 -41 90 0
40 17 26 0
1 -12 59 0
91 -67 -1 0
-36 -37 -12 0
16 -72 -56 0
-76 -88 -58 0
6 53 79 0
22 11 41 0
97 63 33 0
52 82 46 0
37 -23 56 0
95 -85 -54 0
95 -99 28 0
-95 100 4 0
3 -30 -60 0
10 42 50 0
38 -35 -33 0
72 -37 79 0
1 7 -59 0
81 93 43 0
20 -81 10 0
71 -100 -94 0
77 -3 -55 0
-63 39 -23 0
-32 62 -45 0
99 64 65 0
65 -70 93 0
38 92 33 0
87 -100 -80 0
-93 -99 -59 0
-53 97 80 0
-15 72 11 0
-9 -53 80 0
26 -9 -3 0
-89 63 -59 0
-99 -88 -19 0
46 18 65 0
80 82 10 0
82 -40 38 0
89 27 -73 0
-16 -61 -72 0
34 -98 51 0
-95 61 -88 0
-58 2 -47 0
63 84 86 0
-39 29 74 0
87 -70 35 0
44 33 -97 0
59 73 -77 0
55 11 -67 0
-44 64 -75 0
37 -18 -75 0
77 -28 -34 0
3 7 16 0
29 -69 67 0
-3 63 -78 0
53 -88 2 0
65 74 4 0
-7 -15 82 0
26 -58 -35 0
-2 91 53 0
-26 -15 -55 0
43 -17 -57 0
41 11 -72 0
36 45 -33 0
-96 44 -84 0
-46 -67 33 0
-37 -7 39 0
10 32 14 0
-13 7 -26 0
43 -82 -92 0
84 -81 38 0
30 -7 -93 0
-9 -41 -73 0
-5 -91 88 0
-80 92 -7 0
-88 -80 18 0
-39 64 -55 0
20 71 8 0
51 -68 -90 0
-61 89 -41 0
20 -80 -43 0
-56 60 -53 0
17 -61 27 0
65 2 -60 0
-38 -97 20 0
-77 82 -6 0
29 -44 -98 0
79 -83 -64 0
46 -79 18 0
-3 -27 -16 0
-89 -38 82 0
46 -12 6 0
87 16 62 0
58 -70 85 0
20 36 -49 0
75 -93 -64 0
21 30 74 0
71 13 -85 0
40 -26 18 0
-100 93 25 0
-98 -30 -94 0
94 -79 34 0
-18 -43 1 0
13 -55 -81 0
-3 -72 86 0
-63 67 51 0
-46 -63 26 0
-89 -18 -15 0
-7 -86 -63 0
21 -98 -67 0
-90 18 13 0
-81 40 -24 0
78 -7 -80 0
30 100 36 0
80 -46 85 0
57 -72 31 0
12 -20 77 0
-75 -53 10 0
-95 -69 -17 0
90 -95 -88 0
-36 51 58 0
47 -17 43 0
3 -55 -6 0
-67 2 -92 0
-13 -30 -45 0
-51 -82 -42 0
-37 -30 -100 0
74 71 23 0
98 95 40 0
14 -74 -71 0
-6 91 55 0
65 -50 -8 0
-72 -97 79 0
28 10 -89 0
29 -44 -41 0
16 2 -13 0
46 -11 8 0
46 -69 -1 0
-37 90 -21 0
22 29 -64 0
35 82 57 0
94 38 100 0
5 -56 -77 0
43 -18 83 0
6 -50 61 0
14 61 54 0
-85 19 79 0
-69 61 -3 0
49 -32 54 0
60 -42 98 0
88 93 -8 0
47 -98 99 0
22 44 -87 0
-54 25 -38 0
-19 -15 -53 0
-99 1 -11 0
-54 66 61 0
88 89 -51 0
-38 66 -65 0
62 100 30 0
-23 -9 25 0
-33 17 -21 0
24 -68 48 0
-45 -96 46 0
36 59 54 0
-80 82 -50 0
-72 19 -79 0
-93 65 63 0
53 18 -38 0
-75 -25 -45 0
-78 -19 -91 0
64 71 -46 0
-44 -9 -72 0
-81 -37 -95 0
-74 53 21 0
49 65 -28 0
-19 21 63 0
-100 72 -89 0
-97 91 55 0
-25 -40 -89 0
41 -84 24 0
99 -44 37 0
-92 -35 -55 0
-52 9 -84 0
-56 92 -70 0
-37 -49 84 0
57 39 -19 0
-65 44 -60 0
-81 -35 21 0
-26 14 -60 0
-21 -26 -44 0
-49 -54 42 0
-87 -32 -53 0
51 65 11 0
67 25 20 0
-85 27 58 0
18 35 16 0
-50 -54 43 0
-2 41 98 0
-43 87 37 0
6 80 -32 0
33 -54 95 0
-52 -4 -32 0
18 -54 -57 0
-98 -56 -23 0
51 -41 -28 0
-22 -20 -15 0
-55 72 -22 0
50 -14 -55 0
-17 75 100 0
79 100 38 0
58 -8 -87 0
51 -100 -34 0
-6 10 -20 0
-54 63 97 0
31 -47 -71 0
-57 99 71 0
97 -10 11 0
-1 66 -6 0
-67 27 -61 0
58 -68 -70 0
97 32 39 0
-97 -94 -95 0
90 14 -54 0
-81 87 -29 0
-11 73 24 0
85 -53 55 0
45 7 -90 0
-7 -85 -6 0
57 36 5 0
-67 21 -66 0
7 -30 98 0
9 -49 -31 0
-58 40 7 0
-35 -6 64 0
-87 11 -41 0
80 29 -60 0
78 -38 51 0
-15 66 -63 0
-66 -5 -10 0
47 92 -7 0
83 -57 24 0
33 -9 62 0
30 -67 -95 0
42 -5 37 0
95 -35 -85 0
-28 -67 -69 0
-2 47 6 0
42 53 -84 0
40 -72 -58 0
-70 -43 -39 0
-25 16 72 0
56 48 84 0
75 68 -84 0
-55 -93 -80 0
1 51 22 0
10 -30 -92 0
-79 14 24 0
17 -33 -87 0
-6 -52 -17 0
-77 7 13 0
-19 36 70 0
-11 -100 -70 0
9 -93 -62 0
-5 -65 93 0
76 72 97 0
-84 -42 81 0
92 20 48 0
99 -49 -31 0
-71 -30 53 0
-29 -15 62 0
-100 -40 -59 0
48 14 56 0
-91 87 -65 0
19 -59 -50 0
65 11 82 0
86 -56 84 0
-93 -77 43 0
-53 -91 40 0
53 97 66 0
29 -31 52 0
31 47 -100 0
68 -87 -72 0
-97 88 -23 0
-62 3 4 0
-73 -77 -66 0
60 82 31 0
39 -5 66 0
90 71 89 0
23 49 -36 0
98 24 -90 0
68 -59 42 0
-23 -3 -25 0
-82 -51 -54 0
89 -84 -75 0
96 36 -58 0
21 81 -2 0
-56 -84 -26 0
-69 -26 57 0
-41 -60 79 0
-33 -52 1 0
32 -98 50 0
-65 23 -84 0
47 72 26 0
6 -5 56 0
66 70 56 0
-94 -84 58 0
83 -61 72 0
-14 66 89 0
74 -15 6 0
-8 -96 -78 0
28 29 26 0
-74 -45 37 0
74 39 45 0
-60 -41 -66 0
29 35 -26 0
5 60 -4 0
-56 -15 62 0
60 -28 1 0
-56 48 76 0
52 -80 58 0
44 59 -19 0
-36 -17 -15 0
-66 -69 -74 0
41 -38 45 0
-70 -79 -69 0
33 -67 75 0
-64 60 61 0
81 77 34 0
35 -51 -60 0
27 39 23 0
-99 -39 78 0
-31 -43 93 0
-10 51 -33 0
-92 -20 -47 0
25 -35 -55 0
48 55 -62 0
-2 -77 -9 0
-70 7 16 0
61 81 4 0
33 -45 52 0
77 -41 21 0
-53 11 -30 0
-63 -91 -55 0
-2 -59 -95 0
51 6 -71 0
-67 51 -19 0
-83 -19 -41 0
-57 62 11 0
-70 14 -68 0
76 -41 -14 0
-82 -38 19 0
86 -93 60 0
35 26 96 0
78 -59 42 0
48 -4 30 0
12 13 56 0
-68 -14 -30 0
-56 21 -80 0
-2 -30 92 0
-7 -47 87 0
-10 63 26 0
-84 -57 14 0
-38 70 -12 0
19 41 70 0
29 94 -25 0
12 8 41 0
51 40 -86 0
-57 -52 -77 0
-32 -15 21 0
-63 -5 -58 0
63 71 -89 0
94 -84 -52 0
-91 -9 -67 0
-78 76 -2 0
1 -56 -63 0
-29 17 -97 0
56 -9 -24 0
36 9 25 0
60 65 -79 0
24 -6 60 0
46 97 78 0
-68 -28 -82 0
-38 -77 81 0
67 15 83 0
98 -51 11 0
-46 55 79 0
14 83 -100 0
-57 -43 95 0
69 -4 -12 0
-28 40 38 0
-17 10 -18 0
-74 -78 -99 0
85 44 -29 0
-52 46 14 0
-67 51 53 0
-91 6 64 0
-97 35 -53 0
85 -90 14 0
-5 -87 -21 0
35 25 -95 0
41 36 -1 0
98 -4 32 0
-70 2 52 0
-1 63 -50 0
19 -97 3 0
18 -84 89 0
-31 -40 24 0
23 32 5 0
-72 94 1 0
-27 -83 -85 0
20 -31 -97 0
-31 5 76 0
72 65 -12 0
-43 40 -47 0
-16 -10 -89 0
-62 44 -99 0
20 -64 -70 0
-9 -31 -1 0
14 60 -32 0
-7 69 -34 0
-1 4 24 0
-33 42 73 0
88 -8 54 0
32 -84 67 0
42 86 88 0
32 94 -5 0
48 -5 99 0
81 -44 17 0
-50 -35 56 0
-89 18 -4 0
30 -100 -64 0
-91 34 85 0
-43 37 -82 0
-85 -35 10 0
-46 59 70 0
-31 15 -5 0
-3 -85 81 0
84 -41 -68 0
66 57 -94 0
59 -10 34 0
-5 -31 -91 0
61 98 -17 0
-16 24 -9 0
-39 -8 21 0
-81 -34 -2 0
32 66 2 0
-63 66 -57 0
-58 -8 -26 0
85 -35 -77 0
26 -5 -88 0
-33 -50 87 0
-62 -16 -18 0
62 -76 -98 0
-3 35 -15 0
3 -34 -89 0
21 -34 94 0
-58 -99 66 0
-85 92 -56 0
-94 52 -59 0
74 51 -2 0
23 21 -85 0
-62 77 -15 0
66 41 22 0
96 78 -92 0
31 -40 82 0
-86 -14 -24 0
-48 -96 -90 0
-99 -68 80 0
-68 1 61 0
76 62 92 0
94 -87 -48 0
-93 -47 27 0
31 59 16 0
-87 18 -33 0
-35 91 -19 0
94 -54 -90 0
-73 -76 -62 0
13 27 72 0
-87 33 19 0
15 95 -2 0
-43 -45 38 0
-29 -74 -35 0
-81 -85 12 0
-96 -25 12 0
-10 31 -60 0
-57 -11 -10 0
60 7 93 0
83 22 -100 0
49 -69 -3 0
-30 -78 -93 0
-7 -97 13 0
25 -51 -7 0
38 20 -6 0
24 74 38 0
100 67 7 0
-97 80 92 0
35 -82 -64 0
90 58 33 0
-75 17 -27 0
75 -41 -34 0
-21 99 -77 0
-54 -49 -22 0
92 56 38 0
-54 47 25 0
27 67 13 0
-67 23 72 0
-5 -87 -6 0
-1 27 91 0
81 -2 28 0
6 -4 69 0
64 16 60 0
74 9 -88 0
-39 -42 41 0
78 27 -47 0
40 -57 -34 0
-29 75 62 0
39 73 -8 0
57 -70 -73 0
-53 17 12 0
-85 -98 2 0
-86 9 36 0
76 35 48 0
90 -54 -47 0
2 -76 -64 0
59 88 74 0
61 -23 49 0
-53 -49 -13 0
8 84 27 0
-5 49 -4 0
-88 -29 -8 0
23 87 98 0
-54 -35 -71 0
-81 14 -2 0
4 -75 49 0
32 -22 96 0
-73 92 23 0
37 26 -61 0
65 -23 -24 0
20 99 35 0
46 85 -55 0
7 -40 83 0
-56 43 -9 0
95 -36 -78 0
16 -56 -40 0
-20 68 47 0
34 -97 -39 0
-40 -88 73 0
52 66 22 0
-89 62 -40 0
-71 7 5 0
86 28 -27 0
-20 -4 15 0
41 54 24 0
-8 4 -5 0
-68 -90 46 0
15 -24 -10 0
-34 45 -44 0
40 72 20 0
45 -59 -24 0
-33 -30 75 0
21 -52 51 0
56 -48 -52 0
-32 70 90 0
9 83 -51 0
-3 72 -34 0
-34 -25 -69 0
-17 57 -53 0
-7 34 -80 0
82 53 4 0
-78 -61 96 0
-95 -99 -67 0
-72 97 -60 0
-71 35 23 0
-43 81 -58 0
42 -22 93 0
-60 26 53 0
50 -89 -37 0
-6 -35 -66 0
56 66 42 0
74 -88 -3 0
-23 -36 72 0
-93 100 67 0
-47 -60 -53 0
-72 85 36 0
15 55 -79 0
84 22 67 0
-20 71 66 0
-79 -76 96 0
-47 -87 -50 0
66 -86 95 0
-41 -69 37 0
61 3 55 0
-80 -10 -86 0
73 26 50 0
-20 83 96 0
-4 14 -1 0
-94 -84 44 0
83 -29 -8 0
9 24 -58 0
-27 54 -48 0
5 25 -21 0
-64 65 7 0
11 -10 30 0
-4 35 -19 0
92 -67 45 0
5 -93 14 0
-43 -93 19 0
63 -6 35 0
-50 90 87 0
-76 74 38 0
63 59 -93 0
-75 96 -34 0
46 -10 -38 0
52 -88 -33 0
-66 -22 -43 0
-97 62 -68 0
-35 -77 -33 0
37 -1 -17 0
-49 34 -36 0
90 -31 -100 0
-58 30 61 0
-24 95 -53 0
-72 73 -94 0
97 56 -60 0
37 99 36 0
-81 63 73 0
81 66 -43 0
74 66 -96 0
81 -17 -71 0
-21 8 99 0
5 -79 66 0
-11 26 100 0
-12 -61 -17 0
-22 -68 -19 0
37 -71 10 0
-91 51 -37 0
61 35 -74 0
15 -100 63 0
61 66 26 0
5 91 -68 0
-72 -17 93 0
-3 72 67 0
-52 -64 -27 0
-10 21 79 0
-78 -23 71 0
-3 67 85 0
37 95 -66 0
17 81 3 0
84 -1 -91 0
84 -70 -55 0
-76 38 -47 0
43 -5 82 0
-59 -83 100 0
30 -56 100 0
-72 91 86 0
-50 -60 -94 0
68 35 -61 0
60 46 36 0
-5 -35 -84 0
-72 -46 -74 0
-22 -63 -30 0
-29 74 72 0
-10 35 39 0
-98 26 -18 0
54 -18 24 0
-95 -52 67 0
-2 -20 -78 0
-2 49 -57 0
6 -98 39 0
31 -4 70 0
61 8 82 0
-52 -56 -9 0
-25 -3 -92 0
91 -45 -67 0
59 -69 -79 0
-48 -86 -72 0
61 -23 -70 0
-33 -27 -61 0
-36 -46 43 0
73 17 -97 0
-80 -9 -26 0
-21 -76 34 0
-44 33 -15 0
21 73 -39 0
34 7 46 0
47 22 60 0
-57 4 71 0
25 -20 -80 0
85 -89 -74 0
19 81 35 0
-26 71 20 0
-21 -34 3 0
100 -67 -23 0
-63 78 55 0
60 -62 71 0
91 -26 -70 0
-25 78 -12 0
-98 13 6 0
-80 -65 76 0
-22 78 -45 0
-68 -77 -49 0
63 11 -97 0
53 95 -33 0
18 -60 -42 0
-92 -54 52 0
87 -63 -70 0
19 -17 38 0
-48 53 -84 0
-50 -31 -14 0
-31 -14 -96 0
-35 52 -94 0
-13 100 3 0
-77 -79 -68 0
7 22 -65 0
11 -12 -59 0
99 -74 -31 0
-76 42 -1 0
-91 84 45 0
-48 1 26 0
94 -57 6 0
-39 -69 70 0
65 -15 -100 0
-49 74 -79 0
-52 -63 -76 0
-16 34 15 0
-82 33 -12 0
79 -59 -28 0
38 -35 -84 0
74 -91 55 0
-44 97 37 0
51 67 -44 0
30 65 87 0
26 -96 -65 0
20 17 -92 0
41 -46 -34 0
-29 8 60 0
-41 6 -9 0
-71 -90 -80 0
31 72 -97 0
-31 57 -53 0
72 28 74 0
29 -57 -20 0
36 64 5 0
-69 -95 36 0
-82 28 -70 0
-3 -15 -5 0
-73 18 -47 0
70 -86 -85 0
-10 30 -84 0
-13 -21 -73 0
-84 -44 67 0
4 41 10 0
68 81 67 0
-52 -51 -78 0
76 93 -64 0
-54 21 71 0
-39 61 1 0
17 71 58 0
38 -4 -43 0
62 -84 3 0
95 10 30 0
-80 78 -24 0
47 -68 -39 0
-83 96 -47 0
-76 -64 -90 0
-29 88 -3 0
-98 -67 76 0
92 94 29 0
-86 -41 95 0
-90 -95 -59 0
-93 -9 31 0
59 -50 -6 0
-89 19 -12 0
89 22 -38 0
28 -4 -69 0
-21 -31 18 0
-38 18 16 0
-47 -12 -32 0
-81 -55 77 0
-24 36 7 0
